Run,Lumi,Event,lep1_pt,lep2_pt,ll_pt,mll,nJets,met
1,70453,65626460,51.7586,23.6058,54.5844,53.8254,2,152.576
1,70453,65626552,47.341,29.6225,72.3111,38.0436,2,157.493
1,70453,65626593,279.875,29.8767,250.413,182.329,4,156.21
1,70453,65626929,160.226,102.159,118.804,431.295,3,172.635
1,70454,65627260,122.966,26.43,96.7421,113.986,3,187.532
1,70454,65627634,114.476,30.871,85.1646,123.098,4,244.604
1,70454,65628030,41.6228,28.5548,64.0722,125.664,2,157.781
1,70455,65628124,115.479,67.2163,99.579,180.343,2,183.014
1,70455,65628203,81.9932,36.1734,49.4919,121.173,4,204.943
1,70455,65628226,52.6662,20.1657,60.0137,109.241,6,176.322
1,70455,65629015,86.6037,21.8379,96.0915,87.3648,7,366.148
1,70456,65629060,50.8811,31.4292,32.163,87.6916,5,155.243
1,70456,65629263,101.436,37.3469,64.0896,128.42,3,303.662
1,70569,65734214,58.7956,47.6607,59.9565,88.0408,4,176.751
1,70569,65734342,32.2259,25.1482,48.1067,64.449,2,168.257
1,70569,65734728,110.406,37.2668,140.718,85.0188,4,267.123
1,70570,65735128,81.0996,21.2877,101.279,57.7116,2,156.899
1,70570,65735482,46.0289,23.7154,59.3341,37.1695,4,277.881
1,70570,65735500,142.919,95.2241,47.7448,233.33,4,220.759
1,70570,65735568,73.7272,39.0511,96.4012,82.7184,2,185.596
1,70570,65735661,123.089,83.404,83.4026,223.509,2,181.325
1,70570,65736085,48.0442,20.394,67.6772,39.3557,2,224.284
1,70571,65736203,85.9068,53.1966,35.9421,140.539,3,182.306
1,70571,65736361,73.3845,29.6817,44.9495,101.339,3,161.999
1,70571,65736441,156.425,20.1269,139.1,121.45,3,174.686
1,70571,65736589,35.1056,21.0564,44.6726,43.3485,3,153.213
1,70571,65736943,79.8839,31.5787,110.894,187.923,3,157.607
1,70571,65736948,242.004,64.9571,195.566,239.38,2,163.745
1,70571,65737044,185.968,25.314,160.856,199.987,6,302.944
1,70572,65737420,205.891,99.2953,292.867,86.3874,6,215.189
1,70572,65737767,99.7675,49.594,66.0445,136.659,5,171.649
1,70673,65831034,96.5729,25.7793,83.2455,89.8324,2,195.728
1,70673,65831409,134.294,126.717,100.408,322.892,2,154.087
1,70673,65831472,76.7301,44.4087,64.5578,118.392,3,158.964
1,70673,65831491,200.304,51.6092,250.488,33.3977,4,153.461
1,70674,65832106,120.019,24.3498,102.238,103.387,2,172.35
1,70674,65832184,68.3729,46.1765,86.8207,86.873,3,217.913
1,70674,65832584,175.953,54.5817,190.597,138.711,2,199.784
1,70674,65832713,56.5463,32.9989,61.1538,79.0817,4,182.13
1,70675,65833195,68.0006,21.7891,68.9387,128.344,2,357.995
1,70675,65833782,77.089,39.8331,54.9109,109.63,2,161.265
1,70676,65834041,26.0549,21.9064,40.5794,74.3401,4,216.449
1,70676,65834259,77.9714,64.0688,65.2064,135.388,4,175.184
1,70676,65834337,52.7226,35.9492,75.5602,65.8378,3,153.879
1,70676,65834354,53.3375,32.378,71.5856,126.581,4,199.735
1,70857,66002429,181.368,91.6447,124.816,382.435,3,175.216
1,70857,66002508,178.338,131.265,86.5882,381.214,3,195.062
1,70857,66002693,54.6516,54.385,85.5611,79.4681,3,154.413
1,70857,66002757,110.632,52.4967,121.31,126.218,3,150.599
1,70857,66002840,40.105,29.9052,30.968,67.7377,3,274.042
1,70857,66002959,197.92,57.2879,156.92,226.423,2,206.178
1,70857,66003000,80.3438,33.2803,69.3539,90.1161,2,182.455
1,70858,66003528,40.0905,34.3334,28.7591,104.621,3,159.68
1,70858,66003597,135.739,96.1028,45.4552,282.424,2,157.544
1,70858,66003867,41.594,29.3071,67.77,46.6185,3,179.135
1,70858,66003999,67.2021,41.9337,76.0837,113.199,2,241.829
Intial event number 3675
E+Mu 1758
Baseline 1071
Two Jets 692
B Jet Medium 623
B Jet Loose 692
MET 56
