273158 1 1279
273302 1 459
273402 100 292
273403 1 53
273404 1 18
273405 2 25
273406 1 112
273408 1 6
273409 1 309
273410 1 90
273411 1 29
273425 354 733
273425 62 352
273446 1 33
273447 1 113
273447 115 412
273448 1 391
273449 1 214
273450 1 214
273450 219 647
273492 284 325
273492 327 338
273492 71 71
273492 73 282
273493 1 233
273494 1 192
273502 258 318
273502 320 813
273502 73 256
273502 815 1064
273503 1 598
273554 77 437
273555 1 173
273725 254 2545
273725 83 252
273728 1 100
273730 1 1814
273730 1820 2126
274094 108 332
274146 1 67
274157 105 534
274159 1 43
274160 1 207
274161 1 516
274172 31 95
274198 81 191
274199 1 623
274200 1 678
274240 1 40
274240 42 82
274241 1 1152
274241 1161 1176
274244 1 607
274250 1 701
274251 1 546
274283 2 19
274284 1 210
274286 1 154
274314 97 97
274314 99 158
274315 1 424
274316 1 959
274317 1 3
274319 1 225
274335 60 1003
274336 1 14
274337 3 17
274338 1 698
274339 1 29
274339 31 31
274339 33 33
274339 35 93
274344 1 632
274345 1 170
274382 94 144
274387 88 439
274388 1 1820
274420 94 268
274421 1 342
274422 1 2207
274440 92 493
274441 1 431
274442 1 752
274954 37 37
274954 39 57
274955 1 91
274968 1 1192
274969 1 1003
274970 1 47
274971 1 905
274998 64 782
274999 1 1241
275000 1 136
275001 1 1781
275001 1786 2061
275059 105 137
275059 78 81
275066 1 96
275067 1 392
275068 1 915
275073 1 517
275074 1 442
275074 444 647
275124 106 106
275124 108 431
275125 1 989
275282 91 180
275283 1 132
275284 1 74
275290 96 143
275291 1 347
275292 1 121
275293 1 142
275293 144 201
275309 55 617
275310 1 1929
275311 1 1253
275319 141 282
275337 1 427
275338 1 520
275344 76 356
275345 1 353
275370 81 365
275371 1 22
275371 28 569
275375 127 1449
275376 1 2667
275376 2669 3096
275657 1 105
275658 1 337
275659 1 17
275761 1 9
275767 1 4
275772 1 56
275773 1 7
275774 1 311
275774 315 315
275776 1 140
275777 1 300
275778 1 305
275782 1 131
275782 133 762
275832 1 367
275833 1 53
275833 117 251
275833 56 115
275834 1 297
275835 1 13
275836 1 429
275836 1166 1170
275836 1184 1293
275836 431 1163
275837 1 186
275837 198 726
275847 1 2263
275886 73 109
275890 1 1393
275911 300 354
275911 356 440
275911 62 298
275912 1 289
275913 1 475
275918 1 318
275918 348 361
275920 5 463
275921 1 2
275921 17 20
275921 4 5
275923 3 53
275923 63 64
275923 66 126
275931 1 14
275931 19 89
275963 141 172
275963 82 139
276092 74 149
276097 1 507
276242 1 7
276242 18 61
276242 72 1664
276243 1 15
276243 18 480
276243 482 611
276244 3 1202
276282 537 1142
276282 75 534
276283 3 1087
276315 178 217
276315 40 175
276317 3 138
276318 106 570
276318 3 103
276355 1 33
276361 1 161
276361 169 208
276361 210 800
276361 802 833
276363 1 140
276363 142 238
276363 242 1482
276384 2 1117
276437 1076 2190
276437 227 1074
276437 63 224
276454 1 527
276458 1 341
276495 87 268
276501 223 2547
276501 4 221
276502 2 741
276525 1626 2893
276525 471 1606
276525 88 469
276527 1 214
276528 4 394
276542 74 857
276543 1 638
276543 643 952
276544 2 161
276545 117 213
276545 2 110
276581 79 444
276582 1 871
276583 1 52
276584 1 2
276585 1 238
276585 241 242
276585 245 246
276586 2 658
276586 680 773
276587 1 1006
276653 72 550
276655 1 593
276655 595 1106
276659 1 127
276659 129 252
276775 96 1260
276776 1 1823
276794 1 885
276807 66 220
276808 1 875
276810 1 287
276811 1 1270
276811 1272 2563
276831 64 755
276831 761 2702
278820 17 1533
278822 1 1627
278873 70 129
278874 1 273
278874 275 478
278875 1 210
278875 212 834
278923 55 467
278957 79 227
278962 68 408
278963 1 23
278963 25 175
278969 1053 1291
278969 1293 1397
278969 1399 1460
278969 514 1051
278969 70 511
278975 1 475
278975 477 745
278975 747 850
278976 1 20
278986 71 199
279024 82 382
279029 1 260
279071 71 244
279080 68 224
279115 118 524
279116 38 485
279479 86 190
279588 100 1259
279653 77 77
279653 82 261
279654 1 108
279654 110 1231
279654 1285 1299
279656 1 43
279658 1 689
279658 691 713
279667 68 1033
279681 77 104
279682 1 29
279682 33 34
279682 37 38
279683 1 26
279684 1 22
279685 1 93
279685 95 209
279691 71 113
279694 1 2235
279715 476 477
279715 480 480
279715 511 511
279715 523 691
279715 71 474
279716 1 860
279716 1530 1653
279716 875 1528
279760 585 728
279760 68 578
279766 1 1689
279767 1 776
279794 77 1100
279823 61 395
279841 407 2122
279841 75 398
279844 72 295
279887 225 397
279887 79 221
279931 1045 3022
279931 630 743
279931 746 801
279931 803 1043
279931 84 628
